0.796793,0.000006,0.000114,0.002051,0.021680,0.039645,0.002156,0.000166,0.000012,0.000001,0.000000,0.000000,0.000000,0.000000,0.000000,0.000000,0.000000,0.000000,0.000000,0.000000,0.000000,0.000000,0.000000,0.026807,0.048825,0.026170,0.026537,0.000127,0.000760,0.001358,0.000780,0.000743,0.002435,0.001332,0.001340,0.000137,0.000010,0.000006,0.000001,0.000000,0.000000,0.000000,0.000000,0.000007,0.000000,0.000000,0.000000,0.000000,0.000000,0.000000,0.000000,0.000000,0.000000,0.000000,0.000000,0.000000
0.000006,0.741792,0.040177,0.002007,0.000115,0.000056,0.000162,0.002108,0.020419,0.021371,0.020506,0.002318,0.043243,0.000065,0.000004,0.000000,0.000000,0.000000,0.000000,0.000000,0.000004,0.000065,0.001210,0.000002,0.000002,0.000002,0.000004,0.002481,0.000066,0.000068,0.000123,0.000068,0.000008,0.000011,0.000007,0.000134,0.000762,0.001286,0.002458,0.002463,0.001299,0.000822,0.046179,0.045998,0.000004,0.000002,0.000000,0.000000,0.000000,0.000000,0.000000,0.000000,0.000002,0.000004,0.000042,0.000074
0.000114,0.040177,0.759620,0.037488,0.002139,0.000993,0.002054,0.020762,0.020834,0.002238,0.001167,0.000129,0.002344,0.000004,0.000000,0.000000,0.000000,0.000000,0.000000,0.000000,0.000000,0.000004,0.000066,0.000035,0.000037,0.000035,0.000063,0.046889,0.001240,0.001265,0.002305,0.001270,0.000122,0.000153,0.000098,0.001342,0.001890,0.001892,0.001357,0.000200,0.000074,0.000046,0.002501,0.047047,0.000000,0.000000,0.000000,0.000000,0.000000,0.000000,0.000000,0.000000,0.000000,0.000000,0.000002,0.000004
0.002051,0.002007,0.037488,0.692042,0.039465,0.017413,0.018913,0.018996,0.001968,0.000163,0.000061,0.000007,0.000117,0.000000,0.000000,0.000000,0.000000,0.000000,0.000000,0.000000,0.000000,0.000000,0.000003,0.000610,0.000651,0.000623,0.001103,0.042914,0.022891,0.023349,0.042559,0.023440,0.001615,0.001659,0.001165,0.002230,0.001196,0.000710,0.000125,0.000013,0.000004,0.000002,0.000125,0.002323,0.000000,0.000000,0.000000,0.000000,0.000000,0.000000,0.000000,0.000000,0.000000,0.000000,0.000000,0.000000
0.021680,0.000115,0.002139,0.039465,0.776742,0.019459,0.002058,0.001134,0.000115,0.000009,0.000003,0.000000,0.000007,0.000000,0.000000,0.000000,0.000000,0.000000,0.000000,0.000000,0.000000,0.000000,0.000000,0.001304,0.001886,0.001302,0.001821,0.002447,0.026158,0.047621,0.025918,0.025538,0.001225,0.000714,0.000690,0.000188,0.000071,0.000042,0.000007,0.000001,0.000000,0.000000,0.000007,0.000133,0.000000,0.000000,0.000000,0.000000,0.000000,0.000000,0.000000,0.000000,0.000000,0.000000,0.000000,0.000000
0.039645,0.000056,0.000993,0.017413,0.019459,0.677095,0.036360,0.002350,0.000149,0.000010,0.000002,0.000000,0.000003,0.000000,0.000000,0.000000,0.000000,0.000000,0.000000,0.000000,0.000000,0.000000,0.000000,0.022430,0.022906,0.022966,0.041671,0.001083,0.001169,0.001691,0.001631,0.001167,0.041571,0.022726,0.022875,0.002277,0.000145,0.000082,0.000009,0.000001,0.000000,0.000000,0.000003,0.000062,0.000000,0.000000,0.000000,0.000000,0.000000,0.000000,0.000000,0.000000,0.000000,0.000000,0.000000,0.000000
0.002156,0.000162,0.002054,0.018913,0.002058,0.036360,0.741519,0.039176,0.002102,0.000120,0.000010,0.000001,0.000010,0.000000,0.000000,0.000000,0.000000,0.000000,0.000000,0.000000,0.000000,0.000000,0.000000,0.001205,0.001232,0.001234,0.002239,0.001233,0.000657,0.000697,0.001193,0.000671,0.024682,0.045422,0.024941,0.045923,0.002406,0.001347,0.000131,0.000008,0.000001,0.000000,0.000010,0.000130,0.000000,0.000000,0.000000,0.000000,0.000000,0.000000,0.000000,0.000000,0.000000,0.000000,0.000000,0.000000
0.000166,0.002108,0.020762,0.018996,0.001134,0.002350,0.039176,0.741588,0.039312,0.002211,0.000170,0.000013,0.000126,0.000000,0.000000,0.000000,0.000000,0.000000,0.000000,0.000000,0.000000,0.000000,0.000004,0.000079,0.000081,0.000081,0.000145,0.002339,0.000630,0.000644,0.001170,0.000645,0.001330,0.002413,0.001331,0.045927,0.045528,0.025463,0.002443,0.000140,0.000011,0.000006,0.000131,0.001345,0.000000,0.000000,0.000000,0.000000,0.000000,0.000000,0.000000,0.000000,0.000000,0.000000,0.000000,0.000000
0.000012,0.020419,0.020834,0.001968,0.000115,0.000149,0.002102,0.039312,0.741730,0.041193,0.002683,0.000186,0.001251,0.000005,0.000000,0.000000,0.000000,0.000000,0.000000,0.000000,0.000000,0.000002,0.000035,0.000005,0.000005,0.000005,0.000009,0.001341,0.000065,0.000067,0.000121,0.000067,0.000073,0.000130,0.000072,0.002436,0.025467,0.045536,0.046054,0.002581,0.000166,0.000097,0.001275,0.002427,0.000000,0.000000,0.000000,0.000000,0.000000,0.000000,0.000000,0.000000,0.000000,0.000000,0.000001,0.000002
0.000001,0.021371,0.002238,0.000163,0.000009,0.000010,0.000120,0.002211,0.041193,0.778953,0.041208,0.002416,0.002412,0.000068,0.000004,0.000000,0.000000,0.000000,0.000000,0.000000,0.000000,0.000004,0.000067,0.000000,0.000000,0.000000,0.000001,0.000141,0.000005,0.000005,0.000010,0.000006,0.000004,0.000007,0.000004,0.000137,0.001416,0.002530,0.048244,0.048245,0.002538,0.001457,0.001399,0.001389,0.000004,0.000002,0.000000,0.000000,0.000000,0.000000,0.000000,0.000000,0.000000,0.000000,0.000002,0.000004
0.000000,0.020506,0.001167,0.000061,0.000003,0.000002,0.000010,0.000170,0.002683,0.041208,0.741975,0.042944,0.022476,0.001202,0.000066,0.000004,0.000000,0.000000,0.000000,0.000000,0.000002,0.000034,0.000629,0.000000,0.000000,0.000000,0.000000,0.000072,0.000002,0.000002,0.000004,0.000002,0.000000,0.000001,0.000000,0.000011,0.000094,0.000166,0.002582,0.046070,0.045679,0.026185,0.002528,0.001275,0.000074,0.000041,0.000004,0.000000,0.000000,0.000000,0.000000,0.000000,0.000001,0.000002,0.000022,0.000039
0.000000,0.002318,0.000129,0.000007,0.000000,0.000000,0.000001,0.000013,0.000186,0.002416,0.042944,0.799236,0.022985,0.022367,0.001230,0.000075,0.000002,0.000000,0.000000,0.000000,0.000002,0.000034,0.000643,0.000000,0.000000,0.000000,0.000000,0.000008,0.000000,0.000000,0.000000,0.000000,0.000000,0.000000,0.000000,0.000001,0.000007,0.000012,0.000153,0.002668,0.028108,0.070536,0.001488,0.000144,0.001375,0.000771,0.000077,0.000000,0.000000,0.000000,0.000000,0.000000,0.000001,0.000002,0.000022,0.000039
0.000000,0.043243,0.002344,0.000117,0.000007,0.000003,0.000010,0.000126,0.001251,0.002412,0.022476,0.022985,0.817733,0.000643,0.000035,0.000002,0.000000,0.000000,0.000000,0.000004,0.000067,0.001227,0.022883,0.000000,0.000000,0.000000,0.000000,0.000145,0.000004,0.000004,0.000007,0.000004,0.000000,0.000001,0.000000,0.000008,0.000047,0.000079,0.000215,0.001464,0.002077,0.002672,0.050646,0.002682,0.000040,0.000022,0.000002,0.000000,0.000000,0.000000,0.000000,0.000004,0.000042,0.000075,0.000787,0.001405
0.000000,0.000065,0.000004,0.000000,0.000000,0.000000,0.000000,0.000000,0.000005,0.000068,0.001202,0.022367,0.000643,0.840193,0.046187,0.002808,0.000075,0.000004,0.000000,0.000000,0.000000,0.000001,0.000018,0.000000,0.000000,0.000000,0.000000,0.000000,0.000000,0.000000,0.000000,0.000000,0.000000,0.000000,0.000000,0.000000,0.000000,0.000000,0.000004,0.000075,0.000787,0.001974,0.000042,0.000004,0.051633,0.028947,0.002880,0.000005,0.000007,0.000000,0.000000,0.000000,0.000000,0.000000,0.000001,0.000001
0.000000,0.000004,0.000000,0.000000,0.000000,0.000000,0.000000,0.000000,0.000000,0.000004,0.000066,0.001230,0.000035,0.046187,0.779680,0.047402,0.001264,0.000073,0.000004,0.000000,0.000000,0.000000,0.000001,0.000000,0.000000,0.000000,0.000000,0.000000,0.000000,0.000000,0.000000,0.000000,0.000000,0.000000,0.000000,0.000000,0.000000,0.000000,0.000000,0.000004,0.000043,0.000109,0.000002,0.000000,0.027061,0.048018,0.048616,0.000080,0.000114,0.000000,0.000002,0.000000,0.000000,0.000000,0.000000,0.000000
0.000000,0.000000,0.000000,0.000000,0.000000,0.000000,0.000000,0.000000,0.000000,0.000000,0.000004,0.000075,0.000002,0.002808,0.047402,0.842837,0.022483,0.001294,0.000071,0.000002,0.000000,0.000000,0.000000,0.000000,0.000000,0.000000,0.000000,0.000000,0.000000,0.000000,0.000000,0.000000,0.000000,0.000000,0.000000,0.000000,0.000000,0.000000,0.000000,0.000000,0.000003,0.000007,0.000000,0.000000,0.001645,0.002919,0.074952,0.001420,0.002026,0.000008,0.000042,0.000000,0.000000,0.000000,0.000000,0.000000
0.000000,0.000000,0.000000,0.000000,0.000000,0.000000,0.000000,0.000000,0.000000,0.000000,0.000000,0.000002,0.000000,0.000075,0.001264,0.022483,0.800849,0.046079,0.002528,0.000071,0.000004,0.000000,0.000000,0.000000,0.000000,0.000000,0.000000,0.000000,0.000000,0.000000,0.000000,0.000000,0.000000,0.000000,0.000000,0.000000,0.000000,0.000000,0.000000,0.000000,0.000000,0.000000,0.000000,0.000000,0.000044,0.000078,0.001999,0.050586,0.072151,0.000268,0.001512,0.000006,0.000000,0.000000,0.000000,0.000000
0.000000,0.000000,0.000000,0.000000,0.000000,0.000000,0.000000,0.000000,0.000000,0.000000,0.000000,0.000000,0.000000,0.000004,0.000073,0.001294,0.046079,0.839984,0.046079,0.001294,0.000073,0.000004,0.000000,0.000000,0.000000,0.000000,0.000000,0.000000,0.000000,0.000000,0.000000,0.000000,0.000000,0.000000,0.000000,0.000000,0.000000,0.000000,0.000000,0.000000,0.000000,0.000000,0.000000,0.000000,0.000003,0.000004,0.000115,0.027559,0.004876,0.004876,0.027559,0.000115,0.000004,0.000002,0.000000,0.000000
0.000000,0.000000,0.000000,0.000000,0.000000,0.000000,0.000000,0.000000,0.000000,0.000000,0.000000,0.000000,0.000000,0.000000,0.000004,0.000071,0.002528,0.046079,0.800849,0.022483,0.001264,0.000068,0.000004,0.000000,0.000000,0.000000,0.000000,0.000000,0.000000,0.000000,0.000000,0.000000,0.000000,0.000000,0.000000,0.000000,0.000000,0.000000,0.000000,0.000000,0.000000,0.000000,0.000000,0.000000,0.000000,0.000000,0.000006,0.001512,0.000268,0.072151,0.050586,0.001999,0.000078,0.000043,0.000004,0.000002
0.000000,0.000000,0.000000,0.000000,0.000000,0.000000,0.000000,0.000000,0.000000,0.000000,0.000000,0.000000,0.000004,0.000000,0.000000,0.000002,0.000071,0.001294,0.022483,0.842836,0.047387,0.002541,0.000151,0.000000,0.000000,0.000000,0.000000,0.000000,0.000000,0.000000,0.000000,0.000000,0.000000,0.000000,0.000000,0.000000,0.000000,0.000000,0.000000,0.000000,0.000000,0.000000,0.000000,0.000000,0.000000,0.000000,0.000000,0.000042,0.000008,0.002026,0.001420,0.074951,0.002910,0.001629,0.000156,0.000088
0.000000,0.000004,0.000000,0.000000,0.000000,0.000000,0.000000,0.000000,0.000000,0.000000,0.000002,0.000002,0.000067,0.000000,0.000000,0.000000,0.000004,0.000073,0.001264,0.047387,0.779438,0.041797,0.002476,0.000000,0.000000,0.000000,0.000000,0.000000,0.000000,0.000000,0.000000,0.000000,0.000000,0.000000,0.000000,0.000000,0.000000,0.000000,0.000000,0.000000,0.000000,0.000000,0.000004,0.000000,0.000000,0.000000,0.000000,0.000002,0.000000,0.000114,0.000080,0.048601,0.047867,0.026791,0.002574,0.001451
0.000000,0.000065,0.000004,0.000000,0.000000,0.000000,0.000000,0.000000,0.000002,0.000004,0.000034,0.000034,0.001227,0.000001,0.000000,0.000000,0.000000,0.000004,0.000068,0.002541,0.041797,0.760334,0.045042,0.000000,0.000000,0.000000,0.000000,0.000000,0.000000,0.000000,0.000000,0.000000,0.000000,0.000000,0.000000,0.000000,0.000000,0.000000,0.000000,0.000002,0.000003,0.000004,0.000076,0.000004,0.000000,0.000000,0.000000,0.000000,0.000000,0.000006,0.000004,0.002606,0.026196,0.046725,0.046826,0.026390
0.000000,0.001210,0.000066,0.000003,0.000000,0.000000,0.000000,0.000004,0.000035,0.000067,0.000629,0.000643,0.022883,0.000018,0.000001,0.000000,0.000000,0.000000,0.000004,0.000151,0.002476,0.045042,0.840140,0.000000,0.000000,0.000000,0.000000,0.000004,0.000000,0.000000,0.000000,0.000000,0.000000,0.000000,0.000000,0.000000,0.000001,0.000002,0.000006,0.000041,0.000058,0.000075,0.001417,0.000075,0.000001,0.000001,0.000000,0.000000,0.000000,0.000000,0.000000,0.000154,0.001552,0.002768,0.028877,0.051594
0.026807,0.000002,0.000035,0.000610,0.001304,0.022430,0.001205,0.000079,0.000005,0.000000,0.000000,0.000000,0.000000,0.000000,0.000000,0.000000,0.000000,0.000000,0.000000,0.000000,0.000000,0.000000,0.000000,0.885444,0.028279,0.027576,0.002919,0.000038,0.000061,0.000096,0.000076,0.000060,0.001377,0.000753,0.000758,0.000076,0.000005,0.000003,0.000000,0.000000,0.000000,0.000000,0.000000,0.000002,0.000000,0.000000,0.000000,0.000000,0.000000,0.000000,0.000000,0.000000,0.000000,0.000000,0.000000,0.000000
0.048825,0.000002,0.000037,0.000651,0.001886,0.022906,0.001232,0.000081,0.000005,0.000000,0.000000,0.000000,0.000000,0.000000,0.000000,0.000000,0.000000,0.000000,0.000000,0.000000,0.000000,0.000000,0.000000,0.028279,0.886730,0.003026,0.002872,0.000040,0.000081,0.000132,0.000096,0.000080,0.001406,0.000769,0.000774,0.000077,0.000005,0.000003,0.000000,0.000000,0.000000,0.000000,0.000000,0.000002,0.000000,0.000000,0.000000,0.000000,0.000000,0.000000,0.000000,0.000000,0.000000,0.000000,0.000000,0.000000
0.026170,0.000002,0.000035,0.000623,0.001302,0.022966,0.001234,0.000081,0.000005,0.000000,0.000000,0.000000,0.000000,0.000000,0.000000,0.000000,0.000000,0.000000,0.000000,0.000000,0.000000,0.000000,0.000000,0.027576,0.003026,0.885438,0.028163,0.000039,0.000061,0.000097,0.000077,0.000061,0.001410,0.000771,0.000776,0.000077,0.000005,0.000003,0.000000,0.000000,0.000000,0.000000,0.000000,0.000002,0.000000,0.000000,0.000000,0.000000,0.000000,0.000000,0.000000,0.000000,0.000000,0.000000,0.000000,0.000000
0.026537,0.000004,0.000063,0.001103,0.001821,0.041671,0.002239,0.000145,0.000009,0.000001,0.000000,0.000000,0.000000,0.000000,0.000000,0.000000,0.000000,0.000000,0.000000,0.000000,0.000000,0.000000,0.000000,0.002919,0.002872,0.028163,0.886413,0.000069,0.000093,0.000142,0.000121,0.000092,0.002558,0.001399,0.001408,0.000140,0.000009,0.000005,0.000001,0.000000,0.000000,0.000000,0.000000,0.000004,0.000000,0.000000,0.000000,0.000000,0.000000,0.000000,0.000000,0.000000,0.000000,0.000000,0.000000,0.000000
0.000127,0.002481,0.046889,0.042914,0.002447,0.001083,0.001233,0.002339,0.001341,0.000141,0.000072,0.000008,0.000145,0.000000,0.000000,0.000000,0.000000,0.000000,0.000000,0.000000,0.000000,0.000000,0.000004,0.000038,0.000040,0.000039,0.000069,0.887635,0.001419,0.001448,0.002639,0.001454,0.000102,0.000107,0.000074,0.000210,0.000182,0.000153,0.000087,0.000013,0.000005,0.000003,0.000154,0.002904,0.000000,0.000000,0.000000,0.000000,0.000000,0.000000,0.000000,0.000000,0.000000,0.000000,0.000000,0.000000
0.000760,0.000066,0.001240,0.022891,0.026158,0.001169,0.000657,0.000630,0.000065,0.000005,0.000002,0.000000,0.000004,0.000000,0.000000,0.000000,0.000000,0.000000,0.000000,0.000000,0.000000,0.000000,0.000000,0.000061,0.000081,0.000061,0.000093,0.001419,0.885437,0.028254,0.002927,0.027571,0.000090,0.000075,0.000059,0.000076,0.000040,0.000024,0.000004,0.000000,0.000000,0.000000,0.000004,0.000077,0.000000,0.000000,0.000000,0.000000,0.000000,0.000000,0.000000,0.000000,0.000000,0.000000,0.000000,0.000000
0.001358,0.000068,0.001265,0.023349,0.047621,0.001691,0.000697,0.000644,0.000067,0.000005,0.000002,0.000000,0.000004,0.000000,0.000000,0.000000,0.000000,0.000000,0.000000,0.000000,0.000000,0.000000,0.000000,0.000096,0.000132,0.000097,0.000142,0.001448,0.028254,0.886672,0.002862,0.003003,0.000122,0.000093,0.000077,0.000079,0.000041,0.000024,0.000004,0.000000,0.000000,0.000000,0.000004,0.000078,0.000000,0.000000,0.000000,0.000000,0.000000,0.000000,0.000000,0.000000,0.000000,0.000000,0.000000,0.000000
0.000780,0.000123,0.002305,0.042559,0.025918,0.001631,0.001193,0.001170,0.000121,0.000010,0.000004,0.000000,0.000007,0.000000,0.000000,0.000000,0.000000,0.000000,0.000000,0.000000,0.000000,0.000000,0.000000,0.000076,0.000096,0.000077,0.000121,0.002639,0.002927,0.002862,0.886447,0.028172,0.000134,0.000121,0.000091,0.000139,0.000074,0.000044,0.000008,0.000001,0.000000,0.000000,0.000008,0.000143,0.000000,0.000000,0.000000,0.000000,0.000000,0.000000,0.000000,0.000000,0.000000,0.000000,0.000000,0.000000
0.000743,0.000068,0.001270,0.023440,0.025538,0.001167,0.000671,0.000645,0.000067,0.000006,0.000002,0.000000,0.000004,0.000000,0.000000,0.000000,0.000000,0.000000,0.000000,0.000000,0.000000,0.000000,0.000000,0.000060,0.000080,0.000061,0.000092,0.001454,0.027571,0.003003,0.028172,0.885433,0.000090,0.000076,0.000059,0.000077,0.000041,0.000024,0.000004,0.000000,0.000000,0.000000,0.000004,0.000079,0.000000,0.000000,0.000000,0.000000,0.000000,0.000000,0.000000,0.000000,0.000000,0.000000,0.000000,0.000000
0.002435,0.000008,0.000122,0.001615,0.001225,0.041571,0.024682,0.001330,0.000073,0.000004,0.000000,0.000000,0.000000,0.000000,0.000000,0.000000,0.000000,0.000000,0.000000,0.000000,0.000000,0.000000,0.000000,0.001377,0.001406,0.001410,0.002558,0.000102,0.000090,0.000122,0.000134,0.000090,0.886351,0.003502,0.028121,0.001530,0.000082,0.000046,0.000005,0.000000,0.000000,0.000000,0.000001,0.000008,0.000000,0.000000,0.000000,0.000000,0.000000,0.000000,0.000000,0.000000,0.000000,0.000000,0.000000,0.000000
0.001332,0.000011,0.000153,0.001659,0.000714,0.022726,0.045422,0.002413,0.000130,0.000007,0.000001,0.000000,0.000001,0.000000,0.000000,0.000000,0.000000,0.000000,0.000000,0.000000,0.000000,0.000000,0.000000,0.000753,0.000769,0.000771,0.001399,0.000107,0.000075,0.000093,0.000121,0.000076,0.003502,0.886522,0.028182,0.002814,0.000148,0.000083,0.000008,0.000000,0.000000,0.000000,0.000001,0.000010,0.000000,0.000000,0.000000,0.000000,0.000000,0.000000,0.000000,0.000000,0.000000,0.000000,0.000000,0.000000
0.001340,0.000007,0.000098,0.001165,0.000690,0.022875,0.024941,0.001331,0.000072,0.000004,0.000000,0.000000,0.000000,0.000000,0.000000,0.000000,0.000000,0.000000,0.000000,0.000000,0.000000,0.000000,0.000000,0.000758,0.000774,0.000776,0.001408,0.000074,0.000059,0.000077,0.000091,0.000059,0.028121,0.028182,0.885415,0.001545,0.000082,0.000046,0.000004,0.000000,0.000000,0.000000,0.000000,0.000006,0.000000,0.000000,0.000000,0.000000,0.000000,0.000000,0.000000,0.000000,0.000000,0.000000,0.000000,0.000000
0.000137,0.000134,0.001342,0.002230,0.000188,0.002277,0.045923,0.045927,0.002436,0.000137,0.000011,0.000001,0.000008,0.000000,0.000000,0.000000,0.000000,0.000000,0.000000,0.000000,0.000000,0.000000,0.000000,0.000076,0.000077,0.000077,0.000140,0.000210,0.000076,0.000079,0.000139,0.000077,0.001530,0.002814,0.001545,0.887756,0.002820,0.001577,0.000151,0.000009,0.000001,0.000000,0.000008,0.000087,0.000000,0.000000,0.000000,0.000000,0.000000,0.000000,0.000000,0.000000,0.000000,0.000000,0.000000,0.000000
0.000010,0.000762,0.001890,0.001196,0.000071,0.000145,0.002406,0.045528,0.025467,0.001416,0.000094,0.000007,0.000047,0.000000,0.000000,0.000000,0.000000,0.000000,0.000000,0.000000,0.000000,0.000000,0.000001,0.000005,0.000005,0.000005,0.000009,0.000182,0.000040,0.000041,0.000074,0.000041,0.000082,0.000148,0.000082,0.002820,0.886631,0.028915,0.001581,0.000089,0.000006,0.000003,0.000048,0.000156,0.000000,0.000000,0.000000,0.000000,0.000000,0.000000,0.000000,0.000000,0.000000,0.000000,0.000000,0.000000
0.000006,0.001286,0.001892,0.000710,0.000042,0.000082,0.001347,0.025463,0.045536,0.002530,0.000166,0.000012,0.000079,0.000000,0.000000,0.000000,0.000000,0.000000,0.000000,0.000000,0.000000,0.000000,0.000002,0.000003,0.000003,0.000003,0.000005,0.000153,0.000024,0.000024,0.000044,0.000024,0.000046,0.000083,0.000046,0.001577,0.028915,0.886631,0.002827,0.000159,0.000010,0.000006,0.000080,0.000187,0.000000,0.000000,0.000000,0.000000,0.000000,0.000000,0.000000,0.000000,0.000000,0.000000,0.000000,0.000000
0.000001,0.002458,0.001357,0.000125,0.000007,0.000009,0.000131,0.002443,0.046054,0.048244,0.002582,0.000153,0.000215,0.000004,0.000000,0.000000,0.000000,0.000000,0.000000,0.000000,0.000000,0.000000,0.000006,0.000000,0.000000,0.000000,0.000001,0.000087,0.000004,0.000004,0.000008,0.000004,0.000005,0.000008,0.000004,0.000151,0.001581,0.002827,0.887900,0.002990,0.000159,0.000091,0.000157,0.000224,0.000000,0.000000,0.000000,0.000000,0.000000,0.000000,0.000000,0.000000,0.000000,0.000000,0.000000,0.000000
0.000000,0.002463,0.000200,0.000013,0.000001,0.000001,0.000008,0.000140,0.002581,0.048245,0.046070,0.002668,0.001464,0.000075,0.000004,0.000000,0.000000,0.000000,0.000000,0.000000,0.000000,0.000002,0.000041,0.000000,0.000000,0.000000,0.000000,0.000013,0.000000,0.000000,0.000001,0.000000,0.000000,0.000000,0.000000,0.000009,0.000089,0.000159,0.002990,0.887901,0.002836,0.001626,0.000231,0.000157,0.000005,0.000003,0.000000,0.000000,0.000000,0.000000,0.000000,0.000000,0.000000,0.000000,0.000001,0.000003
0.000000,0.001299,0.000074,0.000004,0.000000,0.000000,0.000001,0.000011,0.000166,0.002538,0.045679,0.028108,0.002077,0.000787,0.000043,0.000003,0.000000,0.000000,0.000000,0.000000,0.000000,0.000003,0.000058,0.000000,0.000000,0.000000,0.000000,0.000005,0.000000,0.000000,0.000000,0.000000,0.000000,0.000000,0.000000,0.000001,0.000006,0.000010,0.000159,0.002836,0.886721,0.029049,0.000199,0.000081,0.000048,0.000027,0.000003,0.000000,0.000000,0.000000,0.000000,0.000000,0.000000,0.000000,0.000002,0.000004
0.000000,0.000822,0.000046,0.000002,0.000000,0.000000,0.000000,0.000006,0.000097,0.001457,0.026185,0.070536,0.002672,0.001974,0.000109,0.000007,0.000000,0.000000,0.000000,0.000000,0.000000,0.000004,0.000075,0.000000,0.000000,0.000000,0.000000,0.000003,0.000000,0.000000,0.000000,0.000000,0.000000,0.000000,0.000000,0.000000,0.000003,0.000006,0.000091,0.001626,0.029049,0.864767,0.000205,0.000051,0.000121,0.000068,0.000007,0.000000,0.000000,0.000000,0.000000,0.000000,0.000000,0.000000,0.000003,0.000005
0.000000,0.046179,0.002501,0.000125,0.000007,0.000003,0.000010,0.000131,0.001275,0.001399,0.002528,0.001488,0.050646,0.000042,0.000002,0.000000,0.000000,0.000000,0.000000,0.000000,0.000004,0.000076,0.001417,0.000000,0.000000,0.000000,0.000000,0.000154,0.000004,0.000004,0.000008,0.000004,0.000001,0.000001,0.000000,0.000008,0.000048,0.000080,0.000157,0.000231,0.000199,0.000205,0.888048,0.002864,0.000003,0.000001,0.000000,0.000000,0.000000,0.000000,0.000000,0.000000,0.000003,0.000005,0.000049,0.000087
0.000007,0.045998,0.047047,0.002323,0.000133,0.000062,0.000130,0.001345,0.002427,0.001389,0.001275,0.000144,0.002682,0.000004,0.000000,0.000000,0.000000,0.000000,0.000000,0.000000,0.000000,0.000004,0.000075,0.000002,0.000002,0.000002,0.000004,0.002904,0.000077,0.000078,0.000143,0.000079,0.000008,0.000010,0.000006,0.000087,0.000156,0.000187,0.000224,0.000157,0.000081,0.000051,0.002864,0.887826,0.000000,0.000000,0.000000,0.000000,0.000000,0.000000,0.000000,0.000000,0.000000,0.000000,0.000003,0.000005
0.000000,0.000004,0.000000,0.000000,0.000000,0.000000,0.000000,0.000000,0.000000,0.000004,0.000074,0.001375,0.000040,0.051633,0.027061,0.001645,0.000044,0.000003,0.000000,0.000000,0.000000,0.000000,0.000001,0.000000,0.000000,0.000000,0.000000,0.000000,0.000000,0.000000,0.000000,0.000000,0.000000,0.000000,0.000000,0.000000,0.000000,0.000000,0.000000,0.000005,0.000048,0.000121,0.000003,0.000000,0.887045,0.029200,0.001687,0.000003,0.000004,0.000000,0.000000,0.000000,0.000000,0.000000,0.000000,0.000000
0.000000,0.000002,0.000000,0.000000,0.000000,0.000000,0.000000,0.000000,0.000000,0.000002,0.000041,0.000771,0.000022,0.028947,0.048018,0.002919,0.000078,0.000004,0.000000,0.000000,0.000000,0.000000,0.000001,0.000000,0.000000,0.000000,0.000000,0.000000,0.000000,0.000000,0.000000,0.000000,0.000000,0.000000,0.000000,0.000000,0.000000,0.000000,0.000000,0.000003,0.000027,0.000068,0.000001,0.000000,0.029200,0.886888,0.002994,0.000005,0.000007,0.000000,0.000000,0.000000,0.000000,0.000000,0.000000,0.000000
0.000000,0.000000,0.000000,0.000000,0.000000,0.000000,0.000000,0.000000,0.000000,0.000000,0.000004,0.000077,0.000002,0.002880,0.048616,0.074952,0.001999,0.000115,0.000006,0.000000,0.000000,0.000000,0.000000,0.000000,0.000000,0.000000,0.000000,0.000000,0.000000,0.000000,0.000000,0.000000,0.000000,0.000000,0.000000,0.000000,0.000000,0.000000,0.000000,0.000000,0.000003,0.000007,0.000000,0.000000,0.001687,0.002994,0.866345,0.000126,0.000180,0.000001,0.000004,0.000000,0.000000,0.000000,0.000000,0.000000
0.000000,0.000000,0.000000,0.000000,0.000000,0.000000,0.000000,0.000000,0.000000,0.000000,0.000000,0.000000,0.000000,0.000005,0.000080,0.001420,0.050586,0.027559,0.001512,0.000042,0.000002,0.000000,0.000000,0.000000,0.000000,0.000000,0.000000,0.000000,0.000000,0.000000,0.000000,0.000000,0.000000,0.000000,0.000000,0.000000,0.000000,0.000000,0.000000,0.000000,0.000000,0.000000,0.000000,0.000000,0.000003,0.000005,0.000126,0.887038,0.030553,0.000160,0.000904,0.000004,0.000000,0.000000,0.000000,0.000000
0.000000,0.000000,0.000000,0.000000,0.000000,0.000000,0.000000,0.000000,0.000000,0.000000,0.000000,0.000000,0.000000,0.000007,0.000114,0.002026,0.072151,0.004876,0.000268,0.000008,0.000000,0.000000,0.000000,0.000000,0.000000,0.000000,0.000000,0.000000,0.000000,0.000000,0.000000,0.000000,0.000000,0.000000,0.000000,0.000000,0.000000,0.000000,0.000000,0.000000,0.000000,0.000000,0.000000,0.000000,0.000004,0.000007,0.000180,0.030553,0.889618,0.000028,0.000160,0.000001,0.000000,0.000000,0.000000,0.000000
0.000000,0.000000,0.000000,0.000000,0.000000,0.000000,0.000000,0.000000,0.000000,0.000000,0.000000,0.000000,0.000000,0.000000,0.000000,0.000008,0.000268,0.004876,0.072151,0.002026,0.000114,0.000006,0.000000,0.000000,0.000000,0.000000,0.000000,0.000000,0.000000,0.000000,0.000000,0.000000,0.000000,0.000000,0.000000,0.000000,0.000000,0.000000,0.000000,0.000000,0.000000,0.000000,0.000000,0.000000,0.000000,0.000000,0.000001,0.000160,0.000028,0.889618,0.030553,0.000180,0.000007,0.000004,0.000000,0.000000
0.000000,0.000000,0.000000,0.000000,0.000000,0.000000,0.000000,0.000000,0.000000,0.000000,0.000000,0.000000,0.000000,0.000000,0.000002,0.000042,0.001512,0.027559,0.050586,0.001420,0.000080,0.000004,0.000000,0.000000,0.000000,0.000000,0.000000,0.000000,0.000000,0.000000,0.000000,0.000000,0.000000,0.000000,0.000000,0.000000,0.000000,0.000000,0.000000,0.000000,0.000000,0.000000,0.000000,0.000000,0.000000,0.000000,0.000004,0.000904,0.000160,0.030553,0.887038,0.000126,0.000005,0.000003,0.000000,0.000000
0.000000,0.000000,0.000000,0.000000,0.000000,0.000000,0.000000,0.000000,0.000000,0.000000,0.000000,0.000000,0.000004,0.000000,0.000000,0.000000,0.000006,0.000115,0.001999,0.074951,0.048601,0.002606,0.000154,0.000000,0.000000,0.000000,0.000000,0.000000,0.000000,0.000000,0.000000,0.000000,0.000000,0.000000,0.000000,0.000000,0.000000,0.000000,0.000000,0.000000,0.000000,0.000000,0.000000,0.000000,0.000000,0.000000,0.000000,0.000004,0.000001,0.000180,0.000126,0.866344,0.002985,0.001671,0.000161,0.000090
0.000000,0.000002,0.000000,0.000000,0.000000,0.000000,0.000000,0.000000,0.000000,0.000000,0.000001,0.000001,0.000042,0.000000,0.000000,0.000000,0.000000,0.000004,0.000078,0.002910,0.047867,0.026196,0.001552,0.000000,0.000000,0.000000,0.000000,0.000000,0.000000,0.000000,0.000000,0.000000,0.000000,0.000000,0.000000,0.000000,0.000000,0.000000,0.000000,0.000000,0.000000,0.000000,0.000003,0.000000,0.000000,0.000000,0.000000,0.000000,0.000000,0.000007,0.000005,0.002985,0.886793,0.029031,0.001613,0.000909
0.000000,0.000004,0.000000,0.000000,0.000000,0.000000,0.000000,0.000000,0.000000,0.000000,0.000002,0.000002,0.000075,0.000000,0.000000,0.000000,0.000000,0.000002,0.000043,0.001629,0.026791,0.046725,0.002768,0.000000,0.000000,0.000000,0.000000,0.000000,0.000000,0.000000,0.000000,0.000000,0.000000,0.000000,0.000000,0.000000,0.000000,0.000000,0.000000,0.000000,0.000000,0.000000,0.000005,0.000000,0.000000,0.000000,0.000000,0.000000,0.000000,0.000004,0.000003,0.001671,0.029031,0.886743,0.002878,0.001622
0.000000,0.000042,0.000002,0.000000,0.000000,0.000000,0.000000,0.000000,0.000001,0.000002,0.000022,0.000022,0.000787,0.000001,0.000000,0.000000,0.000000,0.000000,0.000004,0.000156,0.002574,0.046826,0.028877,0.000000,0.000000,0.000000,0.000000,0.000000,0.000000,0.000000,0.000000,0.000000,0.000000,0.000000,0.000000,0.000000,0.000000,0.000000,0.000000,0.000001,0.000002,0.000003,0.000049,0.000003,0.000000,0.000000,0.000000,0.000000,0.000000,0.000000,0.000000,0.000161,0.001613,0.002878,0.886814,0.029159
0.000000,0.000074,0.000004,0.000000,0.000000,0.000000,0.000000,0.000000,0.000002,0.000004,0.000039,0.000039,0.001405,0.000001,0.000000,0.000000,0.000000,0.000000,0.000002,0.000088,0.001451,0.026390,0.051594,0.000000,0.000000,0.000000,0.000000,0.000000,0.000000,0.000000,0.000000,0.000000,0.000000,0.000000,0.000000,0.000000,0.000000,0.000000,0.000000,0.000003,0.000004,0.000005,0.000087,0.000005,0.000000,0.000000,0.000000,0.000000,0.000000,0.000000,0.000000,0.000090,0.000909,0.001622,0.029159,0.887022
